25
-8.17
4.48
-8.73
-7.53
-8.16
-0.22
-0.02
-4.08
-6.29
9.13
4.23
8.91
-4.47
4.04
-8.59
8.62
2.95
-6.89
2.73
7.18
-6.12
3.74
6.85
-2.8
-9.6
-6.73
2.39
8.09
1.33
-0.07
-4.67
8.2
0.37
-5.7
-1.46
-7.27
-3.37
-1.75
-2.81
-9.61
-5.51
1.13
-5.74
-7.91
-7.45
7.4
2.68
-7.34
-9.03
-2.72
1.73
1.71
0.69
6.73
1.8
6.48
-0.78
7.95
-5.97
3.98
-1.07
-3.98
4.09
3.57
-1.59
-4.57
-5.27
-8.81
2.75
8.41
-0.73
8.78
-7.38
-9.19
2.24
-8.61
9.01
6.6
4.25
4.44
8.3
-4.02
8.75
3.69
1.85
-5.3
-8.63
-7.95
4.64
7.59
5.28
-6.3
6.77
-7.59
-0.46
6.28
8.81
-1.62
-2.22
-3.79
-6.3
-1.39
7.93
6.67
-8.26
-3.57
7.36
7.05
9.33
2.99
-9.09
-0.61
7.93
-1.84
4.17
-3.11
6.73
5.68
-2.62
1.44
-7.77
-9.52
-0.67
-4.05
-1.88
9.31
2.48
-2.46
5.29
8.54
9.58
1.54
9.2
-7.93
-9.79
-9.96
-7.56
-4.82
0.46
-9.54
0.26
-0.76
-9.99
2.26
2.07
3.73
3.07
-6.67
-5.56
-7.37
3.79
8.59
3.76
5.82
-4.09
4.66
-2.97
-4.06
2.29
-4.35
-0.74
1.99
-5.33
9.78
7.61
6.13
4.43
8.27
-8.02
2.72
-5.52
-8.14
-0.38
5.71
1.41
-6.48
6.43
5.66
3.53
4.76
3.65
-8.58
-6.14
-3.13
-0.86
0.93
-5.46
-4.9
-7.65
-9.59
2.84
7.29
-5.61
-3.11
-1.08
7.79
-4.31
-0.54
-4.28
1.43
0.25
-0.49
-2.82
-9.48
0.23
-2.71
1.55
4.97
9.43
-1.71
6.36
7.24
4.41
-1.21
3.02
5.83
4.96
-9.99
-8.22
0.31
4.76
9.42
2.39
0.28
6.49
3.85
2.38
0.53
3.33
-7.31
-0.36
-9.6
8.32
-3.83
-1.00
-8.41
-5.43
1.67
4.92
-5.5
7.95
3.39
-9.21
0.68
5.48
2.89
-3.39
9.79
-4.55
5.28
-6.56
0.6
-2.55
6.45
-5.56
-4.53
-4.8
-4.93
3.22
-1.66
-8.54
-9.71
-5.77
8.00
6.96
-9.76
9.52
-8.5
-2.24
-4.31
-5.65
6.29
-9.03
6.92
-8.86
-0.07
2.07
9.49
-3.33
9.57
-4.37
-4.29
-6.74
6.99
2.64
4.71
-7.66
0.45
0.00
9.65
0.53
0.51
-0.06
-8.28
4.07
-9.46
7.93
-4.42
0.28
3.28